Summary statistics computations: 

LOCUS 1

	Total number of haplotypes: 11
	Gst (Pons & Petit, 1995) = NaN	(p-val = 1.0)
	Nst (Pons & Petit, 1996) = NaN	(p-val = 1.0)
	Nst-Gst = NaN	(p-val = 1.0)
	Global PhiST for K=1 (Excoffier et al, 1992) = -0.3034483	(p-val = 0.7807)
	mPhiSTdgeo = Infinity
	IBD regression slope coefficient = NaN
 
	User-defined groups:		01	02	03	04	05	06	07	08	09	10	11	12	13	14	15	16	


SAMOVA RESULTS (locus by locus): 

LOCUS 1
Clusters ID	01	02	03	04	05	06	07	08	09	10	11	12	13	14	15	16	
best partition for K = 2:	1	1	1	1	1	1	1	2	1	1	1	1	1	1	1	1	
     PhiCT: 	0.8895317
     PhiST: 	0.71859294
     PhiSC: 	-1.5474006
     			Final PhiCT value of each repetition: 	0.8895317	0.3884411	0.8895317	0.8895317	0.3884411	0.8895317	0.8895317	0.02252612	0.8895317	0.8895317	0.8895317	0.3884411	0.18193352	0.3884411	0.8895317	0.8895317	0.8895317	0.8895317	0.8895317	0.8895317	0.8895317	0.3884411	0.8895317	0.8895317	0.8895317	0.8895317	0.8895317	0.3884411	0.3884411	0.8895317	0.8895317	0.8895317	0.8895317	0.8895317	0.8895317	0.8895317	0.8895317	0.3884411	0.8895317	0.8895317	0.02252612	0.8895317	0.8895317	0.8895317	0.8895317	0.8895317	0.18193352	0.8895317	0.8895317	0.8895317	0.8895317	0.8895317	0.3884411	0.8895317	0.8895317	0.8895317	0.18193352	0.8895317	0.8895317	0.8895317	0.8895317	0.8895317	0.8895317	0.8895317	0.3884411	0.8895317	0.8895317	0.8895317	0.18193352	0.8895317	0.18193352	0.18193352	0.8895317	0.8895317	0.3884411	0.8895317	0.8895317	0.8895317	0.8895317	0.8895317	0.8895317	0.8895317	0.8895317	0.8895317	0.8895317	0.8895317	0.18193352	0.8895317	0.8895317	0.8895317	0.8895317	0.8895317	0.8895317	0.8895317	0.8895317	0.8895317	0.18193352	0.8895317	0.8895317	0.8895317
best partition for K = 3:	1	1	1	1	2	1	1	3	1	1	1	1	1	1	1	1	
     PhiCT: 	0.8652883
     PhiST: 	0.56542057
     PhiSC: 	-2.225997
     			Final PhiCT value of each repetition: 	0.8652883	0.8237622	0.8031782	0.8237622	0.8652883	0.8031782	0.81569797	0.79705894	0.82759994	0.8031782	0.7931569	0.8652883	0.79705894	0.79705894	0.82759994	0.8031782	0.81569797	0.8031782	0.8652883	0.82759994	0.81569797	0.78678566	0.8652883	0.8652883	0.82759994	0.8652883	0.8031782	0.8652883	0.8652883	0.81569797	0.8652883	0.31501833	0.82759994	0.8237622	0.81569797	0.8031782	0.8031782	0.8237622	0.82759994	0.8652883	0.81569797	0.8031782	0.81569797	0.82759994	0.82759994	0.8237622	0.82759994	0.7931569	0.7931569	0.82759994	0.82759994	0.78759086	0.26900184	0.81569797	0.8031782	0.78759086	0.7931569	0.8237622	0.82759994	0.15062883	0.8652883	0.8652883	0.82759994	0.8652883	0.8652883	0.8237622	0.8652883	0.82759994	0.78759086	0.8237622	0.8652883	0.7931569	0.8652883	0.78759086	0.81569797	0.81569797	0.82759994	0.8652883	0.8652883	0.31501833	0.31501833	0.81569797	0.8652883	0.81569797	0.8652883	0.81569797	0.8652883	0.26900184	0.8652883	0.8031782	0.8652883	0.31501833	0.8237622	0.78759086	0.78759086	0.78759086	0.78759086	0.15062883	0.8031782	0.81569797
best partition for K = 4:	1	2	1	1	3	1	1	4	1	1	1	1	1	1	1	1	
     PhiCT: 	0.86835843
     PhiST: 	0.35051546
     PhiSC: 	-3.933735
     			Final PhiCT value of each repetition: 	0.8018253	0.7505169	0.86835843	0.86835843	0.7666891	0.7666891	0.8177541	0.78170407	0.84369344	0.8018253	0.84369344	0.7666891	0.7536033	0.81783235	0.84369344	0.86835843	0.7863705	0.8340478	0.8177541	0.8018253	0.7863705	0.8340478	0.86835843	0.8177541	0.81783235	0.8177541	0.7597005	0.8108365	0.81783235	0.86835843	0.7505169	0.7666891	0.7666891	0.81783235	0.8340478	0.86835843	0.86835843	0.84369344	0.86835843	0.84369344	0.86835843	0.8064413	0.7645546	0.84369344	0.7666891	0.7666891	0.81783235	0.81783235	0.6997793	0.86835843	0.7505169	0.8018253	0.84369344	0.8018253	0.8006431	0.84369344	0.84369344	0.72981584	0.8018253	0.84369344	0.84369344	0.78170407	0.84369344	0.86835843	0.78170407	0.7863705	0.81783235	0.8018253	0.7505169	0.84369344	0.84369344	0.86835843	0.84369344	0.7863705	0.7666891	0.8108365	0.7863705	0.86835843	0.28715155	0.84369344	0.74688363	0.7863705	0.86835843	0.7863705	0.8018253	0.74688363	0.86835843	0.8177541	0.84369344	0.84369344	0.74688363	0.86835843	0.78170407	0.81783235	0.84369344	0.7597005	0.74688363	0.8340478	0.84369344	0.86835843
best partition for K = 5:	1	2	1	1	3	1	1	4	1	1	1	1	5	1	1	1	
     PhiCT: 	0.88827205
     PhiST: 	0.26259542
     PhiSC: 	-5.6
     			Final PhiCT value of each repetition: 	0.88827205	0.8127693	0.8318116	0.8127693	0.8127693	0.85619533	0.7189591	0.70840514	0.85619533	0.69353676	0.88827205	0.88827205	0.88827205	0.8127693	0.85619533	0.8123398	0.88827205	0.80073994	0.80073994	0.8127693	0.876373	0.73566186	0.7758489	0.8318116	0.876373	0.876373	0.88827205	0.876373	0.73566186	0.85619533	0.876373	0.8127693	0.876373	0.85619533	0.7929234	0.8123398	0.8318116	0.85619533	0.88827205	0.85619533	0.80073994	0.69216406	0.8127693	0.7758489	0.75791764	0.80073994	0.876373	0.88827205	0.88827205	0.88827205	0.7003472	0.88827205	0.85619533	0.876373	0.73566186	0.88827205	0.7985197	0.8123398	0.88827205	0.8123398	0.876373	0.85619533	0.876373	0.85619533	0.71106374	0.88827205	0.8127693	0.73566186	0.88827205	0.7758489	0.73566186	0.7758489	0.80073994	0.876373	0.73566186	0.85619533	0.876373	0.8127693	0.6341814	0.8127693	0.88827205	0.7758489	0.80073994	0.876373	0.88827205	0.85619533	0.8318116	0.80073994	0.85619533	0.80073994	0.876373	0.88827205	0.7694368	0.69216406	0.876373	0.80073994	0.876373	0.88827205	0.88827205	0.85619533
best partition for K = 6:	1	2	1	1	3	4	1	5	1	1	1	1	6	1	1	1	
     PhiCT: 	0.9135633
     PhiST: 	0.18168534
     PhiSC: 	-8.467213
     			Final PhiCT value of each repetition: 	0.87667197	0.89071137	0.9135633	0.87667197	0.89071137	0.9135633	0.89071137	0.89071137	0.9135633	0.87509644	0.89071137	0.89071137	0.89071137	0.9135633	0.89071137	0.89071137	0.7647059	0.9135633	0.89071137	0.87667197	0.8135424	0.87667197	0.8135424	0.9135633	0.9135633	0.87667197	0.9135633	0.9135633	0.9135633	0.9135633	0.9135633	0.9135633	0.9135633	0.8007889	0.9135633	0.9135633	0.89071137	0.89071137	0.9135633	0.89071137	0.87667197	0.87667197	0.87667197	0.89071137	0.89071137	0.89071137	0.9135633	0.89071137	0.8135424	0.87509644	0.87667197	0.87667197	0.8135424	0.9135633	0.89071137	0.7878159	0.9135633	0.87667197	0.9135633	0.9135633	0.9135633	0.9135633	0.87667197	0.86397916	0.89071137	0.8363171	0.89071137	0.89071137	0.87667197	0.87035096	0.9135633	0.9135633	0.87509644	0.9135633	0.9135633	0.9135633	0.9135633	0.89071137	0.87509644	0.87667197	0.9135633	0.89071137	0.9135633	0.87509644	0.8135424	0.86397916	0.9135633	0.89071137	0.9135633	0.9135633	0.7639703	0.9135633	0.8007889	0.9135633	0.9135633	0.8007889	0.86397916	0.89071137	0.89071137	0.9135633
best partition for K = 7:	1	2	1	1	3	4	1	5	1	1	1	1	6	7	1	1	
     PhiCT: 	0.93054235
     PhiST: 	0.10085633
     PhiSC: 	-11.945206
     			Final PhiCT value of each repetition: 	0.93054235	0.93054235	0.93054235	0.7810854	0.93054235	0.87077826	0.8856862	0.93054235	0.93054235	0.93054235	0.93054235	0.93054235	0.9166667	0.93054235	0.8856862	0.9144391	0.9144391	0.93054235	0.93054235	0.93054235	0.93054235	0.93054235	0.9144391	0.8856862	0.93054235	0.93054235	0.93054235	0.93054235	0.93054235	0.9144391	0.93054235	0.93054235	0.93054235	0.93054235	0.9046243	0.9166667	0.93054235	0.9166667	0.93054235	0.93054235	0.93054235	0.93054235	0.93054235	0.93054235	0.93054235	0.9166667	0.93054235	0.93054235	0.93054235	0.93054235	0.93054235	0.93054235	0.93054235	0.93054235	0.9144391	0.93054235	0.93054235	0.8856862	0.93054235	0.93054235	0.93054235	0.93054235	0.93054235	0.93054235	0.9166667	0.8856862	0.93054235	0.9144391	0.93054235	0.93054235	0.87077826	0.93054235	0.93054235	0.93054235	0.93054235	0.93054235	0.93054235	0.93054235	0.93054235	0.93054235	0.93054235	0.93054235	0.9166667	0.93054235	0.93054235	0.93054235	0.93054235	0.9166667	0.93054235	0.9144391	0.8856862	0.93054235	0.9166667	0.78287464	0.93054235	0.93054235	0.93054235	0.8856862	0.9166667	0.93054235
best partition for K = 8:	1	2	1	3	4	5	6	7	6	6	6	6	8	1	6	6	
     PhiCT: 	0.95459974
     PhiST: 	-0.08224448
     PhiSC: 	-22.837837
     			Final PhiCT value of each repetition: 	0.95060575	0.95060575	0.9432191	0.9432191	0.95060575	0.95060575	0.9432191	0.95060575	0.95060575	0.95060575	0.92732424	0.8757809	0.95060575	0.9432191	0.95060575	0.95459974	0.9432191	0.95060575	0.95060575	0.95060575	0.9432191	0.92732424	0.95060575	0.95060575	0.9432191	0.92857355	0.95060575	0.95060575	0.9432191	0.95060575	0.95060575	0.9432191	0.9432191	0.95459974	0.9432191	0.95060575	0.95060575	0.95060575	0.95060575	0.95060575	0.95060575	0.95060575	0.92857355	0.9432191	0.95060575	0.95060575	0.9432191	0.95060575	0.95060575	0.95060575	0.95060575	0.95060575	0.9432191	0.95060575	0.95060575	0.95060575	0.95060575	0.9432191	0.95060575	0.95060575	0.9432191	0.95060575	0.95060575	0.95060575	0.95060575	0.95060575	0.92857355	0.95060575	0.95060575	0.95060575	0.9432191	0.95060575	0.95060575	0.9432191	0.95060575	0.95060575	0.95060575	0.95060575	0.95060575	0.95060575	0.95060575	0.9432191	0.95060575	0.95060575	0.95060575	0.95060575	0.9432191	0.9432191	0.95459974	0.95060575	0.95060575	0.95060575	0.95060575	0.95060575	0.95060575	0.95060575	0.9432191	0.92857355	0.95060575	0.95060575
best partition for K = 9:	1	2	1	3	4	5	6	7	6	6	6	6	8	9	6	6	
     PhiCT: 	0.97977525
     PhiST: 	-0.0953305
     PhiSC: 	-53.157894
     			Final PhiCT value of each repetition: 	0.97977525	0.97977525	0.97977525	0.97977525	0.97977525	0.97977525	0.97977525	0.97977525	0.97977525	0.97977525	0.9539994	0.97977525	0.97977525	0.97977525	0.97977525	0.97977525	0.950163	0.97977525	0.97977525	0.97977525	0.97977525	0.950163	0.97977525	0.97977525	0.97977525	0.97977525	0.97977525	0.97977525	0.97977525	0.97977525	0.97977525	0.97977525	0.97977525	0.97977525	0.97977525	0.97977525	0.97977525	0.97977525	0.97977525	0.97977525	0.9539994	0.97977525	0.9587547	0.97977525	0.97977525	0.97977525	0.9539994	0.97977525	0.97977525	0.97977525	0.97977525	0.97977525	0.97977525	0.97977525	0.97977525	0.97977525	0.97977525	0.97977525	0.97977525	0.950163	0.97977525	0.97977525	0.97977525	0.97977525	0.9539994	0.97977525	0.97977525	0.97977525	0.97977525	0.950163	0.97977525	0.97977525	0.97977525	0.97977525	0.97977525	0.97977525	0.97977525	0.97977525	0.950163	0.9539994	0.97977525	0.97977525	0.97977525	0.97977525	0.97977525	0.97977525	0.97977525	0.950163	0.97977525	0.97977525	0.97977525	0.97977525	0.97977525	0.97977525	0.97977525	0.97977525	0.97977525	0.9539994	0.950163	0.97977525
best partition for K = 10:	1	2	1	3	4	5	6	7	6	6	8	6	9	10	6	6	
     PhiCT: 	0.99087006
     PhiST: 	-0.15037593
     PhiSC: 	-125.0
     			Final PhiCT value of each repetition: 	0.99087006	0.99087006	0.99087006	0.99087006	0.99087006	0.99087006	0.99087006	0.99087006	0.99087006	0.99087006	0.99087006	0.99087006	0.9849832	0.99087006	0.99087006	0.99087006	0.9849832	0.99087006	0.99087006	0.99087006	0.99087006	0.99087006	0.9849832	0.99087006	0.99087006	0.99087006	0.99087006	0.99087006	0.99087006	0.99087006	0.99087006	0.99087006	0.99087006	0.99087006	0.99087006	0.9849832	0.99087006	0.99087006	0.99087006	0.99087006	0.99087006	0.99087006	0.99087006	0.99087006	0.99087006	0.99087006	0.99087006	0.99087006	0.99087006	0.99087006	0.99087006	0.9849832	0.99087006	0.99087006	0.99087006	0.954699	0.99087006	0.99087006	0.9849832	0.99087006	0.9849832	0.99087006	0.99087006	0.99087006	0.99087006	0.99087006	0.99087006	0.99087006	0.9849832	0.99087006	0.99087006	0.99087006	0.99087006	0.99087006	0.99087006	0.99087006	0.99087006	0.99087006	0.99087006	0.99087006	0.99087006	0.99087006	0.99087006	0.9849832	0.99087006	0.9849832	0.99087006	0.99087006	0.99087006	0.99087006	0.99087006	0.9849832	0.99087006	0.99087006	0.99087006	0.99087006	0.99087006	0.99087006	0.99087006	0.99087006
best partition for K = 11:	1	2	3	4	5	6	7	8	7	7	9	7	10	11	7	7	
     PhiCT: 	1.0
     PhiST: 	-0.15862069
     PhiSC: 	2.95548726E15
     			Final PhiCT value of each repetition: 	1.0	0.9885861	0.98831326	1.0	0.98831326	0.9885861	1.0	1.0	1.0	1.0	1.0	0.9885861	0.9885861	1.0	1.0	0.9885861	1.0	0.9882223	1.0	1.0	0.9885861	1.0	0.9885861	0.9882223	1.0	0.9885861	1.0	1.0	1.0	0.9885861	0.98831326	0.9885861	1.0	1.0	1.0	0.9885861	0.9885861	1.0	1.0	0.9885861	0.9885861	1.0	1.0	0.9885861	1.0	1.0	0.98831326	0.98831326	0.98831326	0.98831326	0.9885861	0.9885861	0.9885861	1.0	1.0	1.0	1.0	0.9885861	1.0	0.9885861	0.98831326	1.0	0.9885861	0.98831326	0.9885861	0.9885861	1.0	0.98831326	1.0	0.9885861	1.0	0.9885861	0.9885861	1.0	1.0	0.9885861	0.9885861	1.0	0.9885861	0.9885861	0.98831326	0.9885861	1.0	0.98831326	0.9885861	1.0	0.9885861	0.9885861	1.0	1.0	0.9885861	1.0	0.9885861	0.9885861	1.0	1.0	0.9885861	0.98831326	0.9885861	0.98831326
best partition for K = 12:	1	2	3	4	5	6	7	8	9	7	10	9	11	12	7	9	
     PhiCT: 	1.0
     PhiST: 	-0.24551724
     PhiSC: 	1.18219485E15
     			Final PhiCT value of each repetition: 	1.0	1.0	0.9852755	0.9850489	1.0	1.0	0.9850489	1.0	1.0	1.0	1.0	1.0	1.0	1.0	1.0	1.0	1.0	0.9849356	1.0	1.0	0.9850489	0.9852755	1.0	0.9852755	1.0	1.0	0.9849356	1.0	1.0	1.0	1.0	1.0	0.9850489	0.9852755	1.0	0.9852755	1.0	1.0	0.9850489	1.0	1.0	1.0	1.0	0.9850489	0.9850489	1.0	1.0	1.0	1.0	0.9850489	0.9852755	1.0	1.0	1.0	0.9850489	1.0	0.9852755	1.0	1.0	1.0	0.9852755	1.0	1.0	0.9850489	0.9850489	1.0	1.0	0.9850489	1.0	1.0	1.0	1.0	0.9850489	1.0	0.9852755	0.9850489	1.0	1.0	1.0	1.0	0.9850489	1.0	1.0	1.0	1.0	0.9852755	1.0	0.9850489	0.9850489	0.9852755	1.0	1.0	0.9850489	0.9850489	0.9852755	1.0	1.0	0.9850489	0.9852755	0.9852755
best partition for K = 13:	1	2	3	4	5	6	7	8	9	7	10	11	12	13	7	9	
     PhiCT: 	1.0
     PhiST: 	-0.26482758
     PhiSC: 	1.97032484E15
     			Final PhiCT value of each repetition: 	1.0	1.0	1.0	1.0	1.0	1.0	1.0	1.0	1.0	0.9797608	1.0	1.0	1.0	1.0	1.0	1.0	0.979911	1.0	1.0	0.9797608	1.0	1.0	1.0	0.9797608	0.979911	1.0	1.0	1.0	1.0	1.0	0.9797608	1.0	0.9797608	1.0	1.0	1.0	1.0	1.0	1.0	0.979911	1.0	1.0	1.0	1.0	0.9797608	1.0	0.9797608	1.0	0.979911	0.979911	0.979911	0.9797608	1.0	1.0	1.0	1.0	1.0	1.0	1.0	1.0	0.9797608	1.0	0.9797608	0.9797608	1.0	1.0	1.0	1.0	1.0	0.9797608	1.0	0.9797608	1.0	1.0	1.0	1.0	0.979911	1.0	1.0	0.979911	0.979911	1.0	0.9797608	1.0	1.0	1.0	0.9797608	1.0	1.0	1.0	0.979911	1.0	1.0	1.0	0.9797608	0.9797608	0.9797608	1.0	1.0	1.0
best partition for K = 14:	1	2	3	4	5	6	7	8	9	10	11	9	12	13	14	9	
     PhiCT: 	1.0
     PhiST: 	-0.27448276
     PhiSC: 	1.18219485E15
     			Final PhiCT value of each repetition: 	1.0	1.0	1.0	1.0	1.0	1.0	1.0	1.0	1.0	1.0	1.0	1.0	0.9694112	1.0	1.0	1.0	1.0	1.0	1.0	1.0	1.0	1.0	1.0	1.0	0.9694112	1.0	1.0	0.9694112	0.9694112	1.0	1.0	1.0	1.0	1.0	1.0	1.0	1.0	1.0	1.0	1.0	1.0	1.0	1.0	0.9694112	0.9694112	1.0	1.0	1.0	1.0	1.0	1.0	1.0	0.9694112	1.0	0.9694112	1.0	1.0	1.0	1.0	1.0	1.0	1.0	1.0	1.0	0.9694112	1.0	1.0	0.9694112	1.0	1.0	0.9694112	1.0	1.0	1.0	1.0	1.0	1.0	1.0	1.0	1.0	1.0	1.0	1.0	1.0	1.0	1.0	1.0	1.0	1.0	1.0	1.0	1.0	1.0	1.0	1.0	1.0	1.0	1.0	1.0	1.0
best partition for K = 15:	1	2	3	4	5	6	7	8	9	10	11	12	13	14	10	15	
     PhiCT: 	1.0
     PhiST: 	-0.2937931
     PhiSC: 	-Infinity
     			Final PhiCT value of each repetition: 	1.0	1.0	1.0	1.0	0.9383625	1.0	1.0	1.0	1.0	1.0	1.0	1.0	1.0	1.0	1.0	1.0	1.0	1.0	1.0	1.0	1.0	1.0	1.0	1.0	1.0	1.0	1.0	1.0	1.0	1.0	1.0	1.0	1.0	1.0	0.9383625	1.0	1.0	1.0	1.0	1.0	1.0	1.0	1.0	1.0	1.0	1.0	1.0	1.0	1.0	1.0	1.0	1.0	1.0	1.0	1.0	1.0	1.0	1.0	1.0	1.0	1.0	1.0	1.0	1.0	1.0	1.0	1.0	1.0	1.0	1.0	1.0	0.9383625	1.0	1.0	1.0	1.0	1.0	1.0	1.0	1.0	1.0	1.0	1.0	1.0	1.0	1.0	1.0	1.0	1.0	1.0	1.0	0.9383625	1.0	1.0	1.0	1.0	1.0	1.0	1.0	1.0


Monmonier algorithm RESULTS (locus by locus): 
	the different inferred barriers defined groups of populations.
	The corresponding group ID for each population are reported below.

LOCUS 1
Clusters ID	01	02	03	04	05	06	07	08	09	10	11	12	13	14	15	16	
for B = 2:	1	1	1	1	1	1	1	1	1	1	1	1	1	2	1	1	

for B = 3:	1	1	1	1	1	2	1	1	1	1	1	1	3	1	1	1	

for B = 4:	1	1	2	1	1	3	1	1	2	1	1	1	1	1	1	1	

for B = 5:	1	1	2	1	1	1	1	1	1	1	2	1	2	1	1	1	

for B = 6:	1	1	2	3	4	5	6	7	1	1	1	1	1	1	1	1	

for B = 7:	1	1	2	2	3	4	1	5	2	3	6	2	2	5	1	2	

for B = 8:	1	1	2	3	4	5	1	6	3	4	3	3	3	6	4	7	

for B = 9:	1	1	2	3	4	5	1	6	7	8	2	2	2	7	4	6	

for B = 10:	1	1	2	3	4	5	1	6	7	8	9	10	11	9	1	9	

for B = 11:	1	1	2	3	4	5	1	6	3	7	8	9	10	3	1	3	

for B = 12:	1	1	2	3	3	4	1	5	3	6	7	8	9	10	3	3	

for B = 13:	1	1	2	3	4	5	6	7	8	9	10	8	11	12	1	8	

for B = 14:	1	1	2	3	4	5	6	7	8	9	10	11	12	13	1	11	

for B = 15:	1	1	2	3	4	5	1	6	7	8	9	10	11	12	13	3	

Users are strongly advised to enter the pairwise distance matrices produced by SPADS in the BARRIER software developped by Manni et al (2004).
In addition to display the Voronoï polygonation used by the algorithm, this software provides a useful graphical representation of the different 
	barriers inferred by a similar Monmonier algorithm.

