Summary statistics computations: 

LOCUS 1

	Total number of haplotypes: 20
	Gst (Pons & Petit, 1995) = NaN	(p-val = 1.0)
	Nst (Pons & Petit, 1996) = NaN	(p-val = 1.0)
	Nst-Gst = NaN	(p-val = 1.0)
	Global PhiST for K=1 (Excoffier et al, 1992) = 1.0	(p-val = 0.0343)
	mPhiSTdgeo = Infinity
	IBD regression slope coefficient = NaN
 
	User-defined groups:		01	02	03	04	05	06	07	08	09	10	11	12	13	14	15	16	17	18	19	20	21	22	23	24	26	27	


SAMOVA RESULTS (locus by locus): 

LOCUS 1
Clusters ID	01	02	03	04	05	06	07	08	09	10	11	12	13	14	15	16	17	18	19	20	21	22	23	24	26	27	
best partition for K = 2:	1	1	1	1	1	1	1	1	1	1	1	1	1	1	1	1	1	1	1	1	1	1	2	1	1	1	
     PhiCT: 	0.8257996
     PhiST: 	1.0
     PhiSC: 	1.0
     			Final PhiCT value of each repetition: 	0.8257996	0.8257996	0.8257996	0.7646039	0.8257996	0.8257996	0.8257996	0.8257996	0.8257996	0.8257996	0.8257996	0.7646039	0.8257996	0.8257996	0.7646039	0.8257996	0.7646039	0.8257996	0.8257996	0.8257996	0.8257996	0.8257996	0.8257996	0.8257996	0.8257996	0.8257996	0.8257996	0.8257996	0.8257996	0.8257996	0.7646039	0.8257996	0.8257996	0.8257996	0.8257996	0.8257996	0.8257996	0.8257996	0.8257996	0.8257996	0.8257996	0.8257996	0.8257996	0.8257996	0.8257996	0.8257996	0.8257996	0.8257996	0.8257996	0.7646039	0.8257996	0.8257996	0.8257996	0.8257996	0.8257996	0.7646039	0.8257996	0.8257996	0.8257996	0.8257996	0.8257996	0.8257996	0.8257996	0.8257996	0.7646039	0.8257996	0.8257996	0.8257996	0.7646039	0.7646039	0.8257996	0.8257996	0.8257996	0.7646039	0.8257996	0.8257996	0.8257996	0.8257996	0.8257996	0.8257996	0.7646039	0.8257996	0.7646039	0.8257996	0.8257996	0.8257996	0.8257996	0.8257996	0.7646039	0.8257996	0.8257996	0.8257996	0.8257996	0.7646039	0.8257996	0.8257996	0.8257996	0.8257996	0.8257996	0.8257996
best partition for K = 3:	1	1	1	1	1	1	1	1	1	1	1	1	1	1	1	1	1	1	1	1	1	1	2	1	3	3	
     PhiCT: 	0.85960025
     PhiST: 	1.0
     PhiSC: 	1.0
     			Final PhiCT value of each repetition: 	0.6921099	0.85960025	0.85960025	0.85960025	0.85960025	0.6988786	0.85960025	0.77748835	0.85960025	0.85960025	0.6972664	0.7047246	0.77748835	0.6921099	0.7044611	0.85960025	0.77748835	0.6988786	0.85960025	0.70891297	0.6988786	0.69292927	0.7576038	0.7576038	0.70891297	0.85960025	0.7803536	0.7107289	0.70891297	0.85960025	0.70891297	0.85960025	0.7576038	0.85960025	0.69170386	0.69292927	0.77748835	0.7576038	0.7803536	0.6972664	0.7047246	0.85960025	0.7044611	0.77748835	0.77748835	0.6972664	0.7044611	0.6972664	0.85960025	0.85960025	0.77748835	0.77748835	0.85960025	0.7107289	0.6918363	0.77748835	0.85960025	0.85960025	0.85960025	0.6988786	0.70891297	0.69768965	0.85960025	0.6942426	0.85960025	0.85960025	0.85960025	0.77748835	0.85960025	0.6988786	0.85960025	0.77748835	0.70891297	0.6988786	0.85960025	0.85960025	0.77748835	0.70891297	0.85960025	0.7044611	0.85960025	0.85960025	0.85960025	0.85960025	0.85960025	0.77748835	0.6988786	0.7107289	0.85960025	0.7047246	0.69292927	0.77748835	0.694558	0.6988786	0.85960025	0.6988786	0.69768965	0.85960025	0.68425196	0.7047246
best partition for K = 4:	1	1	1	1	1	1	1	1	1	1	1	1	1	1	1	1	1	1	1	1	2	1	3	1	4	4	
     PhiCT: 	0.8757049
     PhiST: 	1.0
     PhiSC: 	1.0
     			Final PhiCT value of each repetition: 	0.86121005	0.82757485	0.8757049	0.8757049	0.8757049	0.86121005	0.8233198	0.8757049	0.638839	0.64530337	0.8757049	0.81918824	0.7302662	0.81499535	0.6519876	0.6519876	0.86121005	0.8262867	0.7302662	0.6500885	0.82757485	0.82757485	0.86121005	0.73569477	0.86121005	0.6378609	0.65607345	0.69316465	0.81918824	0.64913577	0.8757049	0.86121005	0.71863896	0.8757049	0.6500885	0.72896236	0.8757049	0.8757049	0.8262867	0.8262867	0.72896236	0.8757049	0.64208335	0.8757049	0.81499535	0.8757049	0.8757049	0.70080686	0.7302662	0.8757049	0.8262867	0.81918824	0.6249412	0.7124206	0.86121005	0.8144188	0.64305186	0.8757049	0.7239672	0.81499535	0.86121005	0.8231333	0.73569477	0.8231333	0.6632069	0.8180509	0.86121005	0.64337426	0.71863896	0.8262867	0.8757049	0.8233198	0.70080686	0.8757049	0.6999642	0.86121005	0.8757049	0.86121005	0.8262867	0.7898455	0.6375344	0.6500885	0.6519876	0.8262867	0.712148	0.7405409	0.8231333	0.8757049	0.8233198	0.81918824	0.86121005	0.8233198	0.8757049	0.8233198	0.8757049	0.8757049	0.7107821	0.8757049	0.8757049	0.6566986
best partition for K = 5:	1	1	1	1	1	1	1	1	1	1	1	1	1	1	1	1	1	1	1	1	2	1	3	4	5	5	
     PhiCT: 	0.8945537
     PhiST: 	1.0
     PhiSC: 	1.0
     			Final PhiCT value of each repetition: 	0.8576179	0.8483253	0.7944262	0.84930557	0.6918144	0.8945537	0.8945537	0.834702	0.8391701	0.665126	0.85704476	0.82663447	0.8799517	0.84930557	0.8576179	0.8391701	0.79120094	0.82554144	0.8945537	0.8945537	0.6745061	0.84930557	0.8564705	0.8945537	0.86498296	0.8357227	0.6558967	0.84037846	0.8945537	0.84930557	0.75907546	0.8576179	0.78980976	0.84930557	0.753968	0.6634905	0.84930557	0.7994369	0.6893351	0.84457403	0.66447246	0.7895774	0.8945537	0.8576179	0.8316216	0.66935307	0.5989121	0.8451691	0.65222347	0.7037204	0.8945537	0.8305886	0.7580051	0.8576179	0.86498296	0.8945537	0.8357227	0.7944262	0.8945537	0.69887185	0.8945537	0.7649172	0.82573503	0.7580051	0.6958162	0.68496525	0.8316216	0.703117	0.8391701	0.6776994	0.85704476	0.7037204	0.8508679	0.84930557	0.8316216	0.66217816	0.68402374	0.8945537	0.8945537	0.7200279	0.82663447	0.84930557	0.7649172	0.75907546	0.8576179	0.8945537	0.8945537	0.84930557	0.8576179	0.84930557	0.84057945	0.8576179	0.8357227	0.85319775	0.8945537	0.84930557	0.8945537	0.8945537	0.8001148	0.8945537
best partition for K = 6:	1	1	1	1	1	1	1	1	1	1	1	1	1	1	1	1	1	1	1	1	2	1	3	4	5	6	
     PhiCT: 	0.9013642
     PhiST: 	1.0
     PhiSC: 	1.0
     			Final PhiCT value of each repetition: 	0.64724857	0.80734336	0.83122134	0.8783936	0.7302822	0.8783936	0.72996587	0.87754625	0.7302822	0.88510746	0.82555807	0.7359455	0.8871821	0.82891756	0.5501279	0.73091435	0.8125921	0.87263846	0.85468554	0.8861462	0.8871821	0.87754625	0.8783936	0.9013642	0.74402297	0.76981187	0.8135846	0.83272433	0.8357919	0.85890865	0.81704026	0.6198968	0.66349816	0.84278554	0.83272433	0.8783936	0.8817649	0.87754625	0.7670643	0.8783936	0.84162813	0.7242399	0.88510746	0.7665127	0.8331977	0.72901565	0.8871821	0.8238682	0.8783936	0.8861462	0.8783936	0.8123436	0.881555	0.8783936	0.8783936	0.74309707	0.7971653	0.82891756	0.7126061	0.8185127	0.64136064	0.64724857	0.8766971	0.8343789	0.8871821	0.84278554	0.8265207	0.6183613	0.8783936	0.87754625	0.8522623	0.88510746	0.8861462	0.82119894	0.88510746	0.72583646	0.7255175	0.82411003	0.8783936	0.8339068	0.8871821	0.84278554	0.881555	0.8807145	0.8038083	0.83272433	0.8343789	0.8783936	0.8861462	0.85468554	0.8861462	0.8783936	0.79922557	0.8197358	0.8341429	0.7550551	0.8783936	0.8123436	0.8861462	0.8376684
best partition for K = 7:	1	1	1	1	1	1	1	1	1	1	1	1	2	1	1	1	1	1	1	1	3	1	4	5	6	7	
     PhiCT: 	0.8946856
     PhiST: 	1.0
     PhiSC: 	1.0
     			Final PhiCT value of each repetition: 	0.8813664	0.8806208	0.80611634	0.70117646	0.8713289	0.703029	0.80409104	0.78879416	0.8936143	0.8899495	0.7878979	0.8946856	0.69969076	0.69894665	0.8659748	0.8813664	0.8813664	0.872595	0.8708215	0.8773764	0.79913926	0.8748658	0.8713289	0.703029	0.8813664	0.7063503	0.8813664	0.8748658	0.83028775	0.8183864	0.8703136	0.8806208	0.79796726	0.8713289	0.8813664	0.806982	0.80985683	0.86648726	0.8823587	0.81413925	0.8813664	0.82622105	0.8758716	0.5979829	0.86391956	0.58843297	0.80611634	0.8672549	0.8806208	0.8713289	0.8715824	0.71983117	0.8806208	0.8449088	0.874614	0.8756203	0.86237246	0.8147076	0.8654618	0.86699915	0.7985536	0.8703136	0.8659748	0.88096786	0.8773764	0.71184903	0.83946556	0.7872995	0.8715824	0.8806208	0.8703136	0.79087955	0.82397157	0.8493248	0.7125787	0.874614	0.8756203	0.8437256	0.71294326	0.6373946	0.69258773	0.8654618	0.87385786	0.86237246	0.7985536	0.62089324	0.83053845	0.867766	0.6895741	0.83946556	0.6154454	0.72019166	0.79236406	0.82538736	0.8756203	0.79236406	0.8672549	0.8751174	0.82147866	0.62089324
best partition for K = 8:	1	1	1	1	1	2	1	1	1	1	1	1	3	1	1	1	1	1	1	1	4	1	5	6	7	8	
     PhiCT: 	0.885839
     PhiST: 	1.0
     PhiSC: 	1.0
     			Final PhiCT value of each repetition: 	0.86735123	0.8751107	0.85336816	0.8685517	0.86040086	0.86433935	0.87273407	0.8804231	0.7936161	0.7936161	0.8743451	0.8685517	0.86974967	0.86282766	0.8743451	0.8673745	0.86168045	0.86770797	0.87003815	0.86770797	0.86603886	0.8268765	0.8743451	0.86040086	0.8673745	0.6949373	0.8685517	0.8743451	0.86067086	0.8739236	0.8743451	0.8730317	0.8499751	0.87003815	0.8673745	0.60564893	0.7637537	0.8739236	0.8673745	0.7373831	0.8850585	0.87481415	0.8063728	0.86974967	0.8685517	0.66321003	0.78542316	0.8221032	0.87481415	0.86974967	0.86252487	0.87003815	0.8730317	0.7764257	0.8499751	0.885839	0.8613121	0.8527526	0.8640306	0.6949373	0.8743451	0.8685517	0.87003815	0.8685517	0.8742206	0.85704774	0.86403733	0.8804231	0.8013684	0.66058105	0.88401586	0.8743451	0.8564361	0.8751107	0.87451744	0.86795175	0.86403733	0.87003815	0.8620167	0.8619188	0.8730227	0.8661483	0.69451696	0.86974967	0.8730317	0.86433935	0.8730227	0.8849592	0.8804231	0.8804231	0.8134649	0.8673745	0.78128636	0.86974967	0.86770797	0.87003815	0.8685517	0.8652445	0.8804231	0.8730317
best partition for K = 9:	1	2	3	3	3	3	3	1	3	2	3	3	2	3	3	3	3	3	4	1	5	1	6	7	8	9	
     PhiCT: 	0.89008313
     PhiST: 	1.0
     PhiSC: 	1.0
     			Final PhiCT value of each repetition: 	0.8730633	0.8622594	0.8634408	0.85133344	0.87010425	0.8638342	0.87372863	0.8747891	0.85712093	0.88083667	0.8708848	0.875488	0.87583715	0.8567244	0.8630472	0.8704946	0.8016187	0.8614709	0.8169971	0.8708848	0.8646205	0.8642232	0.861735	0.8657986	0.8677627	0.8740433	0.87513864	0.87787676	0.8622594	0.8638342	0.66628534	0.8592381	0.665304	0.87618613	0.8708848	0.8638342	0.8563738	0.87583715	0.8614709	0.8657986	0.8693231	0.8654061	0.89008313	0.85910094	0.88794965	0.77667344	0.8865759	0.8708848	0.88083667	0.87010425	0.8737181	0.8677627	0.7996825	0.87583715	0.8635131	0.8635131	0.86209095	0.8708848	0.68281126	0.8622594	0.82685584	0.83532023	0.8579135	0.86987793	0.8704946	0.86952585	0.8730633	0.8677627	0.8697137	0.8730633	0.87010425	0.8793192	0.8446527	0.8635131	0.8594964	0.86952585	0.8638342	0.8579135	0.86987793	0.77884436	0.84335196	0.87513864	0.8638342	0.88083667	0.8630472	0.86386824	0.8277529	0.8654061	0.8527486	0.6832929	0.88083667	0.8708848	0.8708848	0.8677627	0.875488	0.86952585	0.8594964	0.87010425	0.86987793	0.8704946
best partition for K = 10:	1	2	3	3	3	3	3	1	3	2	3	3	4	3	3	3	3	3	5	1	6	1	7	8	9	10	
     PhiCT: 	0.9011731
     PhiST: 	1.0
     PhiSC: 	1.0
     			Final PhiCT value of each repetition: 	0.87282145	0.89005065	0.8501266	0.8898717	0.85612285	0.87426716	0.8797912	0.8797912	0.78289473	0.86032814	0.88183504	0.8724333	0.8496577	0.86363244	0.86743015	0.8844787	0.8635036	0.8594601	0.9011731	0.883785	0.8635036	0.8844787	0.87282145	0.86363244	0.52142227	0.8627067	0.8797912	0.87282145	0.883785	0.8775824	0.75383484	0.8760757	0.89382106	0.8750983	0.8844787	0.8635036	0.86984724	0.87426716	0.8810514	0.8705185	0.8844787	0.8782374	0.87282145	0.8645348	0.64258415	0.8810514	0.883785	0.87282145	0.8576003	0.81401247	0.883785	0.8586485	0.8697708	0.8518968	0.8635036	0.8724333	0.8835421	0.86034906	0.9011731	0.9011731	0.8760757	0.876853	0.876853	0.8844787	0.8816635	0.8797912	0.6482339	0.8797912	0.8844787	0.7863091	0.85713476	0.883785	0.8724333	0.876853	0.8792454	0.883785	0.883785	0.8844787	0.8810514	0.876853	0.883785	0.87282145	0.8761011	0.87282145	0.876853	0.86984724	0.883785	0.8724333	0.89382106	0.8787948	0.89005065	0.8898717	0.8844787	0.87755126	0.86363244	0.87282145	0.48351246	0.85480404	0.86363244	0.883785
best partition for K = 11:	1	2	3	3	3	3	3	1	3	2	3	3	4	3	3	3	5	3	6	1	7	1	8	9	10	11	
     PhiCT: 	0.90737236
     PhiST: 	1.0
     PhiSC: 	1.0
     			Final PhiCT value of each repetition: 	0.89541787	0.88367003	0.8892155	0.90737236	0.88433313	0.88457704	0.87394005	0.87645507	0.84042555	0.8503479	0.8844328	0.8844328	0.8503479	0.90229964	0.8801582	0.8801582	0.8814903	0.8827365	0.86620903	0.88367003	0.85929984	0.88093555	0.8892155	0.87645507	0.63624024	0.8700091	0.8756008	0.8814903	0.8844328	0.87645507	0.89541787	0.90229964	0.88367003	0.8744647	0.8844328	0.8756008	0.90737236	0.82753485	0.87307197	0.90011376	0.8521614	0.8814903	0.88290703	0.90737236	0.90229964	0.8844328	0.8814903	0.6135706	0.88838893	0.90011376	0.8892155	0.87757254	0.87602675	0.90011376	0.8844328	0.88838893	0.90664136	0.85830903	0.8759671	0.8801582	0.86670077	0.88317204	0.8608476	0.88367003	0.88838893	0.88367003	0.88176495	0.8892155	0.8892155	0.8892155	0.8836073	0.8853168	0.8608476	0.88367003	0.88367003	0.87645507	0.6242383	0.87645507	0.90650296	0.88367003	0.8814903	0.87645507	0.8466944	0.8844328	0.8892155	0.8892155	0.87645507	0.90737236	0.8756008	0.88613915	0.8844328	0.8814903	0.89541787	0.8892155	0.8844328	0.8892155	0.88457704	0.90229964	0.89466125	0.8608476
best partition for K = 12:	1	2	3	3	3	4	4	1	3	2	3	3	5	3	3	3	6	3	7	1	8	1	9	10	11	12	
     PhiCT: 	0.91551447
     PhiST: 	1.0
     PhiSC: 	1.0
     			Final PhiCT value of each repetition: 	0.8875517	0.9141267	0.87902164	0.8907317	0.8894256	0.8894256	0.8908035	0.91551447	0.8908035	0.8908035	0.8734998	0.87973005	0.87902164	0.88474226	0.9075653	0.89570665	0.83131	0.8903387	0.8972532	0.8639804	0.90930593	0.91551447	0.91551447	0.89570665	0.8904028	0.9099384	0.88474226	0.8904028	0.8894256	0.8598795	0.8802751	0.89570665	0.91551447	0.89570665	0.90993524	0.89570665	0.88474226	0.8899186	0.8904028	0.88555986	0.88555986	0.9099384	0.8904028	0.8821079	0.61321825	0.88217735	0.91551447	0.91500205	0.87973005	0.8904028	0.89570665	0.8894256	0.8894256	0.8904028	0.9099384	0.8877423	0.89570665	0.8903387	0.8878652	0.90993524	0.8908035	0.8799108	0.9099384	0.89570665	0.89570665	0.8821079	0.8839419	0.6173713	0.8899186	0.8903387	0.88555986	0.9062328	0.8773376	0.88555986	0.89570665	0.89570665	0.9094381	0.89570665	0.87973005	0.8908035	0.90233296	0.86719126	0.8781798	0.8804374	0.9075653	0.8781798	0.89570665	0.8781798	0.8749054	0.8899186	0.88217735	0.86413354	0.8904028	0.89866686	0.89570665	0.89570665	0.8903387	0.89570665	0.9075653	0.6039758
best partition for K = 13:	1	2	3	3	3	4	5	1	3	2	3	3	6	3	3	3	7	3	8	1	9	1	10	11	12	13	
     PhiCT: 	0.92483866
     PhiST: 	1.0
     PhiSC: 	1.0
     			Final PhiCT value of each repetition: 	0.9114078	0.8783741	0.9070187	0.9099466	0.8925811	0.89828056	0.88459367	0.87864745	0.8927536	0.9183136	0.92028856	0.8982458	0.88191277	0.89553136	0.89828056	0.92483866	0.9085211	0.8697873	0.8858288	0.89828056	0.89140934	0.89828056	0.92483866	0.90856355	0.8927536	0.92028856	0.89828056	0.88191277	0.8762381	0.89828056	0.8895449	0.8982458	0.8899567	0.86656964	0.913472	0.8890886	0.89828056	0.92028856	0.89239275	0.88853407	0.8982458	0.8771664	0.90430695	0.8839429	0.8949264	0.92028856	0.8404752	0.8899567	0.89431787	0.89828056	0.89828056	0.92028856	0.92483866	0.89353985	0.92028856	0.89828056	0.8855201	0.8890886	0.8890886	0.89828056	0.89828056	0.88744587	0.89140934	0.8899567	0.89713037	0.88339394	0.9183136	0.92028856	0.89828056	0.89828056	0.88943267	0.88155425	0.91648096	0.89828056	0.92028856	0.87903285	0.89828056	0.87265164	0.89828056	0.88087404	0.89239275	0.91386455	0.8858288	0.90296364	0.89553136	0.88155425	0.89553136	0.89140934	0.92028856	0.89553136	0.89239275	0.89828056	0.92483866	0.92028856	0.88087404	0.88191277	0.88832486	0.8861372	0.9105166	0.8982458
best partition for K = 14:	1	2	3	3	3	4	5	1	3	2	3	3	6	3	3	3	7	3	8	9	10	9	11	12	13	14	
     PhiCT: 	0.9312862
     PhiST: 	1.0
     PhiSC: 	1.0
     			Final PhiCT value of each repetition: 	0.8989109	0.9172748	0.8989109	0.90204453	0.8943393	0.9077746	0.89616305	0.90204453	0.91346985	0.92408234	0.8989109	0.90204453	0.8750723	0.8989109	0.91538894	0.89479774	0.9279736	0.90204453	0.91338843	0.8985904	0.8989109	0.89479774	0.90204453	0.8989109	0.88889855	0.892318	0.89786804	0.892318	0.91204	0.88955516	0.887125	0.92636025	0.5673721	0.8989109	0.8989109	0.87993777	0.88917303	0.92636025	0.90204453	0.9254049	0.8989109	0.9312862	0.92636025	0.8918472	0.88359183	0.887178	0.8989109	0.8943393	0.9312862	0.92999	0.89466006	0.8880403	0.9223853	0.923257	0.9266732	0.8989109	0.8763236	0.8989109	0.91346985	0.89786804	0.89479774	0.90204453	0.887125	0.88917303	0.8989109	0.8839875	0.923257	0.8880984	0.9312862	0.8889171	0.91951156	0.8668903	0.9189963	0.8989109	0.8989109	0.923257	0.9223853	0.896934	0.892318	0.89479774	0.887125	0.89755374	0.9028181	0.89289147	0.90204453	0.922849	0.89755374	0.88667935	0.92999	0.892318	0.89755374	0.892318	0.8889171	0.9161365	0.89755374	0.89755374	0.9266732	0.922849	0.89786804	0.9015354
best partition for K = 15:	1	2	3	3	3	4	5	1	3	6	1	2	7	3	3	3	8	3	9	10	11	10	12	13	14	15	
     PhiCT: 	0.93946993
     PhiST: 	1.0
     PhiSC: 	1.0
     			Final PhiCT value of each repetition: 	0.89942044	0.9360087	0.89586544	0.9360087	0.9259601	0.93454206	0.9360087	0.8823936	0.93454206	0.89942044	0.89942044	0.89942044	0.90359443	0.9266549	0.9304886	0.90359443	0.93036056	0.90359443	0.8894667	0.89501536	0.8988294	0.9157448	0.8957357	0.9330749	0.8986068	0.93946993	0.9360087	0.9022172	0.91530204	0.89773875	0.92700523	0.8931355	0.92700523	0.90359443	0.93946993	0.89596415	0.9340522	0.93036056	0.92247	0.89942044	0.9312943	0.93559635	0.9319229	0.8894667	0.89942044	0.9241808	0.89942044	0.90359443	0.8894667	0.8786571	0.93612593	0.9266549	0.8931355	0.87670857	0.87670857	0.89942044	0.9304886	0.93946993	0.9005236	0.8895985	0.89311945	0.93946993	0.9319229	0.93454206	0.90359443	0.90359443	0.89942044	0.9319229	0.9319229	0.9022172	0.8988294	0.9022172	0.9319229	0.9292352	0.8931355	0.8786671	0.88954383	0.89501536	0.9241808	0.9266549	0.91966337	0.90359443	0.9112024	0.8786671	0.9319229	0.8931355	0.8743012	0.93946993	0.9279266	0.92700523	0.89543915	0.9304452	0.9360087	0.8931355	0.93946993	0.88954383	0.92700523	0.9319229	0.87818843	0.8992762
best partition for K = 16:	1	2	3	4	4	5	6	1	4	7	1	2	8	4	4	4	9	4	10	11	12	11	13	14	15	16	
     PhiCT: 	0.9456845
     PhiST: 	1.0
     PhiSC: 	1.0
     			Final PhiCT value of each repetition: 	0.9248094	0.882387	0.89766437	0.9057687	0.90139997	0.9294737	0.9057687	0.9456845	0.90143013	0.9057687	0.93345094	0.87211573	0.9369985	0.93562853	0.90139997	0.9057687	0.90139997	0.9456845	0.93712515	0.90139997	0.90139997	0.93876797	0.93562853	0.8867469	0.9406159	0.90139997	0.926125	0.882387	0.90143013	0.89871013	0.92631733	0.8893022	0.88403594	0.93858325	0.8975645	0.93345094	0.9456845	0.914383	0.9456845	0.90143013	0.93945307	0.9456845	0.820884	0.8846497	0.93712515	0.9259809	0.94235945	0.93712515	0.90143013	0.94246316	0.9057687	0.90139997	0.89766437	0.89648426	0.94235945	0.89766437	0.9406159	0.9358401	0.89923716	0.90143013	0.90139997	0.894031	0.90143013	0.9057687	0.90139997	0.9057687	0.94235945	0.90139997	0.90143013	0.882387	0.90139997	0.8886477	0.94235945	0.90139997	0.90143013	0.90139997	0.894031	0.93712515	0.90143013	0.93562853	0.9318979	0.94235945	0.9057687	0.8975645	0.8886477	0.88700414	0.90139997	0.90143013	0.90143013	0.9456845	0.90139997	0.94235945	0.90143013	0.9358401	0.89648426	0.9456845	0.90139997	0.94246316	0.90139997	0.894031
best partition for K = 17:	1	2	3	4	4	5	6	1	4	7	8	8	9	4	4	4	10	4	11	12	13	12	14	15	16	17	
     PhiCT: 	0.9605316
     PhiST: 	1.0
     PhiSC: 	1.0
     			Final PhiCT value of each repetition: 	0.90414196	0.9534266	0.90414196	0.8831631	0.93976194	0.89902407	0.9450247	0.90414196	0.90379536	0.9033104	0.9450247	0.9450247	0.90414196	0.890471	0.90414196	0.9287362	0.94992256	0.9033104	0.8934661	0.94992256	0.8954915	0.9479062	0.94091344	0.8985001	0.9534266	0.93976194	0.90414196	0.94992256	0.94992256	0.9450247	0.890471	0.90414196	0.90414196	0.94992256	0.8837889	0.94964886	0.90414196	0.9317755	0.9359713	0.90414196	0.94964886	0.9479062	0.94992256	0.88651913	0.90414196	0.9232122	0.9534266	0.9456894	0.890471	0.890471	0.9456894	0.8837889	0.94992256	0.94964886	0.90414196	0.9033104	0.94992256	0.890471	0.9534266	0.90414196	0.9450247	0.91501087	0.94992256	0.94286406	0.94992256	0.90414196	0.89785814	0.9470037	0.9534266	0.90414196	0.89785814	0.9534266	0.8954915	0.94964886	0.93976194	0.89785814	0.9534266	0.89785814	0.90414196	0.90414196	0.94864434	0.94964886	0.9427413	0.94864434	0.8875695	0.9287362	0.9605316	0.94992256	0.94964886	0.9522128	0.8978927	0.94964886	0.93976194	0.90414196	0.88903743	0.8954915	0.90414196	0.89902407	0.89785814	0.8978927
best partition for K = 18:	1	2	3	4	4	5	6	1	4	7	8	2	9	4	4	4	10	11	12	13	14	13	15	16	17	18	
     PhiCT: 	0.9622153
     PhiST: 	1.0
     PhiSC: 	1.0
     			Final PhiCT value of each repetition: 	0.95405966	0.8952107	0.90689987	0.90689987	0.95405966	0.95405966	0.95858496	0.90689987	0.9544565	0.95934004	0.9528384	0.90430754	0.90689987	0.93794733	0.95691353	0.95934004	0.8952107	0.9048359	0.90523	0.9008531	0.9434232	0.93794733	0.95934004	0.95934004	0.8952107	0.8952107	0.95934004	0.8922881	0.9008531	0.90689987	0.95934004	0.95934004	0.94373393	0.90689987	0.88557714	0.90689987	0.90689987	0.9008531	0.9544565	0.95858496	0.90689987	0.8922881	0.90689987	0.9494934	0.95934004	0.90689987	0.95934004	0.9544565	0.8922881	0.9544565	0.9008531	0.95858496	0.90689987	0.95934004	0.95858496	0.879745	0.896369	0.95858496	0.9544565	0.8907805	0.95858496	0.95405966	0.9008531	0.89210284	0.94373393	0.94373393	0.9544565	0.9477995	0.8999166	0.9544565	0.95274353	0.95934004	0.87476516	0.8922881	0.90689987	0.9434232	0.94777775	0.95934004	0.8865409	0.8922881	0.95858496	0.9477995	0.9462988	0.95858496	0.9537964	0.95934004	0.90689987	0.90689987	0.95934004	0.8922881	0.9544565	0.93897676	0.95934004	0.9622153	0.95934004	0.95405966	0.90689987	0.90689987	0.95858496	0.90689987
best partition for K = 19:	1	2	3	4	4	5	6	1	7	8	7	7	9	4	10	4	11	12	13	14	15	14	16	17	18	19	
     PhiCT: 	0.9708029
     PhiST: 	1.0
     PhiSC: 	1.0
     			Final PhiCT value of each repetition: 	0.8898588	0.8751706	0.8938718	0.96771336	0.8972727	0.8898588	0.8805318	0.95715714	0.966541	0.8937828	0.95715714	0.9708029	0.966541	0.8972727	0.966541	0.8805318	0.9708029	0.95279163	0.95715714	0.95715714	0.8972727	0.95059377	0.95279163	0.8938718	0.8863174	0.8938718	0.8938718	0.8972727	0.8938718	0.94209355	0.966541	0.8938718	0.90831196	0.96568114	0.9708029	0.966541	0.94778484	0.8972727	0.8938718	0.9039323	0.966541	0.88524926	0.9708029	0.9708029	0.94778484	0.9039323	0.95365125	0.966541	0.95365125	0.9708029	0.966541	0.8751706	0.8846468	0.9708029	0.9470357	0.9039323	0.94778484	0.966541	0.966541	0.94209355	0.952524	0.8972727	0.95365125	0.8805318	0.89331084	0.9320316	0.9039323	0.9039323	0.89150816	0.966541	0.9708029	0.9039323	0.9039323	0.9708029	0.879485	0.94778484	0.8826492	0.96568114	0.9708029	0.8972727	0.95727825	0.8805318	0.956926	0.94732666	0.8972727	0.9708029	0.9708029	0.966541	0.8821753	0.89150816	0.9708029	0.89331084	0.9708029	0.89331084	0.9039323	0.95715714	0.8863174	0.9708029	0.8863174	0.9708029
best partition for K = 20:	1	2	3	4	4	5	6	7	8	9	8	8	10	4	11	4	12	13	14	15	16	15	17	18	19	20	
     PhiCT: 	0.9820609
     PhiST: 	1.0
     PhiSC: 	1.0
     			Final PhiCT value of each repetition: 	0.9820609	0.9820609	0.96589744	0.96084374	0.9658009	0.9660907	0.96084374	0.96084374	0.8806808	0.9820609	0.9820609	0.89179754	0.9502381	0.87608546	0.9820609	0.8875691	0.9651999	0.9820609	0.8710785	0.9820609	0.9702485	0.8806808	0.9820609	0.88456285	0.9660907	0.96084374	0.9574819	0.8710785	0.9702485	0.9730072	0.9502381	0.89179754	0.9820609	0.96084374	0.96084374	0.9820609	0.8869825	0.9651999	0.9820609	0.95961034	0.9820609	0.96084374	0.8869825	0.9820609	0.9820609	0.9632487	0.9702485	0.9820609	0.9820609	0.9502381	0.89179754	0.96084374	0.9660907	0.9658009	0.9820609	0.8800631	0.9820609	0.8806808	0.8875691	0.9730072	0.96084374	0.8710785	0.8806808	0.8806808	0.8800631	0.9820609	0.9702485	0.9820609	0.9594964	0.9660907	0.8875691	0.8875691	0.9820609	0.96589744	0.9702485	0.86499363	0.9660907	0.8806808	0.9660907	0.9392736	0.9702485	0.87608546	0.9820609	0.96589744	0.89179754	0.9702485	0.89179754	0.89179754	0.96084374	0.9660907	0.9651999	0.8800631	0.89179754	0.96084374	0.94485945	0.9820609	0.8800631	0.9820609	0.9502381	0.8710785


Monmonier algorithm RESULTS (locus by locus): 
	the different inferred barriers defined groups of populations.
	The corresponding group ID for each population are reported below.

LOCUS 1
Clusters ID	01	02	03	04	05	06	07	08	09	10	11	12	13	14	15	16	17	18	19	20	21	22	23	24	26	27	
for B = 2:	1	2	1	1	1	1	1	3	1	1	1	1	1	1	1	1	1	1	1	1	1	1	1	1	1	1	

for B = 3:	1	1	2	3	1	3	3	4	1	1	1	1	1	5	1	1	1	1	1	1	1	1	1	1	1	1	

for B = 4:	1	1	2	3	1	1	4	5	1	1	1	1	1	1	1	1	1	1	1	1	1	1	1	1	1	1	

for B = 5:	1	2	3	4	1	1	1	5	1	1	1	1	1	1	1	1	1	1	4	1	1	6	1	1	1	1	

for B = 6:	1	2	3	4	1	1	5	6	7	1	1	1	7	1	1	1	1	1	1	1	1	1	1	1	1	1	

for B = 7:	1	2	3	4	2	1	5	6	3	7	8	3	3	2	8	1	1	1	2	1	3	3	3	3	3	3	

for B = 8:	1	2	3	4	1	5	6	7	5	8	9	3	8	2	2	1	1	1	1	5	9	5	5	5	5	5	

for B = 9:	1	2	3	1	4	5	6	7	8	6	9	10	9	6	1	1	1	1	1	1	1	1	1	1	1	1	

for B = 10:	1	2	3	4	1	5	6	7	8	9	10	1	10	10	1	1	1	1	1	1	1	1	8	1	1	1	

for B = 11:	1	2	3	1	1	4	5	6	7	8	8	1	9	8	8	1	1	1	10	1	1	11	1	1	1	1	

for B = 12:	1	2	3	4	5	6	7	8	9	10	1	11	12	1	13	1	1	1	5	1	1	1	1	1	1	1	

for B = 13:	1	2	3	4	5	5	6	7	5	8	9	10	11	12	5	5	5	5	5	5	1	5	1	5	5	5	

for B = 14:	1	2	3	1	4	5	6	7	8	9	10	11	12	13	14	1	1	1	1	1	1	1	1	1	1	1	

for B = 15:	1	2	3	4	5	6	7	8	9	10	1	1	11	12	13	4	14	14	4	1	15	1	1	1	1	1	

for B = 16:	1	2	3	4	5	6	7	8	9	10	11	12	13	14	15	16	11	11	11	11	17	11	11	11	11	11	

for B = 17:	1	2	3	4	5	6	7	8	1	9	10	11	12	13	14	15	16	11	17	1	18	1	1	11	11	1	

for B = 18:	1	2	3	4	5	6	7	8	1	9	10	11	12	13	14	15	16	17	18	1	1	19	1	1	1	1	

for B = 19:	1	2	3	4	5	6	7	8	9	10	11	12	13	14	15	16	17	9	18	17	9	17	9	9	9	9	

for B = 20:	1	2	3	4	5	6	7	8	9	10	11	12	13	14	15	16	17	18	19	20	20	20	9	18	18	9	

Users are strongly advised to enter the pairwise distance matrices produced by SPADS in the BARRIER software developped by Manni et al (2004).
In addition to display the Voronoï polygonation used by the algorithm, this software provides a useful graphical representation of the different 
	barriers inferred by a similar Monmonier algorithm.

