Summary statistics computations: 

LOCUS 1

	Total number of haplotypes: 27
	Gst (Pons & Petit, 1995) = 0.5	(p-val = 0.0)
	Nst (Pons & Petit, 1996) = 0.98540145	(p-val = 0.9378)
	Nst-Gst = 0.48540145	(p-val = 0.0332)
	Global PhiST for K=1 (Excoffier et al, 1992) = 0.9485373	(p-val = 0.045)
	mPhiSTdgeo = Infinity
	IBD regression slope coefficient = 10.1916485
 
	User-defined groups:		01	02	03	04	05	06	07	08	09	10	11	12	13	14	15	16	17	18	19	20	21	22	23	24	26	27	28	29	30	31	32	


SAMOVA RESULTS (locus by locus): 

LOCUS 1
Clusters ID	01	02	03	04	05	06	07	08	09	10	11	12	13	14	15	16	17	18	19	20	21	22	23	24	26	27	28	29	30	31	32	
best partition for K = 2:	1	1	1	1	1	1	1	1	1	1	1	1	1	1	1	1	1	1	1	1	1	1	1	1	2	2	1	2	1	2	1	
     PhiCT: 	0.90660393
     PhiST: 	0.9811213
     PhiSC: 	0.79786426
     			Final PhiCT value of each repetition: 	0.90660393	0.90660393	0.90660393	0.90660393	0.90660393	0.90660393	0.90660393	0.90660393	0.90660393	0.90660393	0.90660393	0.90660393	0.90660393	0.90660393	0.90660393	0.90660393	0.90660393	0.90660393	0.90660393	0.90660393	0.90660393	0.90660393	0.90660393	0.90660393	0.90660393	0.90660393	0.90660393	0.90660393	0.90660393	0.90660393	0.90660393	0.90660393	0.90660393	0.90660393	0.90660393	0.90660393	0.90660393	0.90660393	0.90660393	0.90660393	0.90660393	0.90660393	0.90660393	0.90660393	0.90660393	0.90660393	0.90660393	0.90660393	0.90660393	0.90660393	0.90660393	0.90660393	0.90660393	0.90660393	0.90660393	0.90660393	0.90660393	0.90660393	0.90660393	0.90660393	0.90660393	0.90660393	0.90660393	0.90660393	0.90660393	0.90660393	0.90660393	0.90660393	0.90660393	0.90660393	0.90660393	0.90660393	0.90660393	0.90660393	0.90660393	0.90660393	0.90660393	0.90660393	0.90660393	0.90660393	0.90660393	0.90660393	0.90660393	0.90660393	0.90660393	0.90660393	0.90660393	0.90660393	0.90660393	0.90660393	0.90660393	0.90660393	0.90660393	0.90660393	0.90660393	0.90660393	0.90660393	0.90660393	0.90660393	0.90660393
best partition for K = 3:	1	1	1	1	1	1	1	1	1	1	1	1	1	1	1	1	1	1	1	1	1	1	2	1	3	3	1	3	1	3	1	
     PhiCT: 	0.91666955
     PhiST: 	0.97919637
     PhiSC: 	0.7503476
     			Final PhiCT value of each repetition: 	0.91666955	0.8909662	0.89108706	0.91666955	0.91666955	0.91049945	0.91666955	0.88953656	0.89011884	0.91121733	0.91121733	0.91666955	0.91666955	0.8916425	0.91049945	0.91666955	0.91666955	0.91666955	0.91666955	0.91666955	0.91121733	0.91666955	0.91666955	0.88973075	0.91666955	0.91049945	0.91121733	0.88953656	0.91666955	0.89011884	0.8903612	0.8916425	0.91666955	0.8903612	0.91666955	0.91666955	0.91666955	0.89941376	0.91049945	0.91049945	0.91666955	0.8909662	0.91666955	0.91666955	0.91666955	0.91049945	0.8896579	0.8909662	0.91666955	0.91049945	0.8896579	0.91666955	0.91049945	0.91666955	0.8909662	0.91049945	0.89011884	0.91666955	0.91666955	0.91666955	0.91666955	0.8909662	0.8909904	0.91049945	0.89072436	0.89072436	0.91666955	0.91049945	0.91049945	0.91666955	0.89011884	0.8916425	0.91666955	0.891377	0.91049945	0.91666955	0.88953656	0.91666955	0.91666955	0.91121733	0.91049945	0.91121733	0.91666955	0.91049945	0.91666955	0.91666955	0.891377	0.91666955	0.91121733	0.8903612	0.91666955	0.8916425	0.91666955	0.91666955	0.91666955	0.91666955	0.91666955	0.90223646	0.91666955	0.8896579
best partition for K = 4:	1	1	1	1	1	1	1	1	1	1	1	1	1	1	1	1	1	1	1	1	1	1	2	1	3	3	4	3	2	3	2	
     PhiCT: 	0.92841876
     PhiST: 	0.9734132
     PhiSC: 	0.6285791
     			Final PhiCT value of each repetition: 	0.9120189	0.92841876	0.92841876	0.90007174	0.91368294	0.8741793	0.9020989	0.90141314	0.926595	0.90219676	0.8742371	0.92841876	0.90219676	0.90164185	0.92841876	0.92841876	0.8727026	0.91126615	0.92841876	0.926595	0.90164185	0.926595	0.926595	0.926595	0.926595	0.92841876	0.8985684	0.898297	0.926595	0.926595	0.926595	0.88665766	0.926595	0.8746415	0.92841876	0.90164185	0.926595	0.926595	0.91368294	0.92841876	0.8975905	0.9061762	0.92841876	0.92841876	0.8964191	0.926595	0.92841876	0.87536246	0.92841876	0.92841876	0.926595	0.9265029	0.926595	0.92841876	0.9051575	0.8964191	0.9089064	0.9036348	0.926595	0.92841876	0.926595	0.8971823	0.88621825	0.926595	0.926595	0.8978352	0.92841876	0.92841876	0.926595	0.8971823	0.92841876	0.926595	0.92841876	0.90539736	0.92841876	0.9036348	0.91368294	0.8859595	0.90092283	0.90219676	0.92841876	0.9049442	0.87516075	0.91368294	0.9036348	0.91368294	0.926595	0.90219676	0.9049708	0.926595	0.90092283	0.87645584	0.926595	0.926595	0.87536246	0.92841876	0.90069383	0.92841876	0.87516075	0.89693713
best partition for K = 5:	1	1	1	1	1	1	1	1	1	1	1	1	1	1	1	1	1	1	1	1	1	1	2	1	3	3	4	3	5	3	5	
     PhiCT: 	0.94586146
     PhiST: 	0.9737058
     PhiSC: 	0.5143168
     			Final PhiCT value of each repetition: 	0.92107457	0.922693	0.91820353	0.94586146	0.94586146	0.94586146	0.94586146	0.94586146	0.8927462	0.89262855	0.92085844	0.91820353	0.92756355	0.92626715	0.92756355	0.92525	0.91948533	0.94586146	0.93291026	0.94586146	0.94586146	0.94586146	0.94586146	0.918927	0.94586146	0.92525	0.94586146	0.92626715	0.922693	0.94586146	0.92756355	0.925986	0.92936677	0.91948533	0.92525	0.92028165	0.94586146	0.8701812	0.94586146	0.94586146	0.89287215	0.94586146	0.94586146	0.94586146	0.94586146	0.92756355	0.925986	0.8681141	0.94586146	0.94586146	0.92626715	0.92626715	0.925986	0.92525	0.94586146	0.94586146	0.92626715	0.92017347	0.94586146	0.94586146	0.94586146	0.94586146	0.925986	0.94586146	0.94586146	0.94586146	0.94586146	0.94586146	0.9218304	0.94586146	0.91948533	0.91820353	0.94586146	0.91744614	0.92756355	0.94586146	0.92244154	0.94586146	0.92085844	0.92626715	0.94586146	0.89966834	0.86734015	0.94586146	0.94586146	0.89353496	0.92626715	0.94586146	0.92936677	0.92626715	0.94586146	0.89243114	0.94586146	0.94586146	0.8919857	0.94586146	0.94586146	0.92525	0.94586146	0.9017701
best partition for K = 6:	1	1	1	1	1	1	1	1	1	1	1	1	1	1	1	1	1	1	1	1	2	1	3	1	4	4	5	4	6	4	6	
     PhiCT: 	0.9524729
     PhiST: 	0.9718577
     PhiSC: 	0.407868
     			Final PhiCT value of each repetition: 	0.9112056	0.9524729	0.9202585	0.91803026	0.9524729	0.9491913	0.9491913	0.93161345	0.9524729	0.92532986	0.91950625	0.94610447	0.9419197	0.9114727	0.9193395	0.9470524	0.94610447	0.9524729	0.92162764	0.9106327	0.9118922	0.94610447	0.9524729	0.92532986	0.92119753	0.9491913	0.9491913	0.92861754	0.9491913	0.9524729	0.9229214	0.94610447	0.91659313	0.9462577	0.9203713	0.92861754	0.9491913	0.92587894	0.9524729	0.9491913	0.9491913	0.92532986	0.9137045	0.9524729	0.9491913	0.91950625	0.9419197	0.93161345	0.9524729	0.92162764	0.9491913	0.9491913	0.91677463	0.9178478	0.94610447	0.9405415	0.9462577	0.91803026	0.9462577	0.94612527	0.9524729	0.9491913	0.9491913	0.9524729	0.9462577	0.9524729	0.9524729	0.9524729	0.92861754	0.9186776	0.91653013	0.9491913	0.93161345	0.94610447	0.94610447	0.9491913	0.9524729	0.92861754	0.9238189	0.94610447	0.91924274	0.9524729	0.9491913	0.8999671	0.9181348	0.9283268	0.88144326	0.936749	0.8728565	0.8733041	0.94610447	0.9491913	0.93161345	0.9524729	0.9524729	0.92119753	0.92861754	0.9524729	0.93326604	0.9524729
best partition for K = 7:	1	1	1	1	1	1	1	1	1	1	1	1	1	1	1	1	1	1	1	1	2	1	3	4	5	5	6	5	7	5	7	
     PhiCT: 	0.9585407
     PhiST: 	0.9700579
     PhiSC: 	0.27779537
     			Final PhiCT value of each repetition: 	0.9585407	0.9585407	0.94996786	0.9585407	0.9551505	0.92686224	0.9551505	0.94627106	0.95004225	0.9585407	0.9585407	0.94556665	0.9585407	0.91287005	0.9445294	0.9190659	0.9533808	0.9546625	0.9483798	0.9585407	0.9585407	0.94996786	0.9551505	0.9114768	0.9585407	0.9533808	0.9107791	0.94656086	0.9483798	0.9465195	0.9585407	0.9095918	0.9585407	0.9551505	0.9271179	0.9585407	0.9483798	0.93701404	0.9551505	0.9261374	0.9483798	0.94656086	0.9106041	0.9106482	0.9271605	0.9483798	0.9585407	0.9585407	0.9585407	0.9551505	0.9551505	0.94656086	0.9515305	0.9127395	0.9515305	0.913609	0.92494786	0.9185234	0.9585407	0.9137828	0.9551505	0.9585407	0.9551505	0.873703	0.9585407	0.925924	0.9328341	0.91920197	0.9483798	0.95351976	0.95351976	0.94924617	0.9585407	0.92686224	0.9585407	0.95004225	0.912696	0.9283744	0.91920197	0.91639966	0.9585407	0.93332833	0.9438608	0.9585407	0.9551505	0.9585407	0.9585407	0.9483798	0.91936153	0.9551505	0.94656086	0.925924	0.9483798	0.9585407	0.9585407	0.9487253	0.9585407	0.91920197	0.9585407	0.9585407
best partition for K = 8:	1	1	1	1	1	1	1	1	1	1	1	1	1	1	1	1	1	1	1	1	2	1	3	4	5	5	6	5	7	8	7	
     PhiCT: 	0.9626635
     PhiST: 	0.96935
     PhiSC: 	0.17908701
     			Final PhiCT value of each repetition: 	0.95564234	0.9626635	0.95564234	0.9626635	0.9447488	0.9626635	0.9626635	0.9447488	0.95564234	0.9626635	0.9059892	0.9626635	0.9563945	0.9308948	0.9626635	0.9599557	0.94937754	0.9431255	0.9532656	0.9474201	0.95761526	0.9626635	0.95761526	0.9549561	0.90689033	0.9626635	0.95144403	0.95564234	0.957146	0.9216133	0.95761526	0.94938916	0.9626635	0.95564234	0.95564234	0.9626635	0.95144403	0.95738065	0.95738065	0.95761526	0.95564234	0.957146	0.95564234	0.93102217	0.9626635	0.9626635	0.9488897	0.9626635	0.9474833	0.95738065	0.9315258	0.95635384	0.95144403	0.9489344	0.9403822	0.95761526	0.94508845	0.9599557	0.9403296	0.95564234	0.95144403	0.95564234	0.94398534	0.95564234	0.9559245	0.9226931	0.957146	0.95144403	0.95738065	0.9626635	0.9440331	0.95564234	0.94522566	0.95564234	0.95738065	0.9467552	0.9119083	0.92707884	0.94911474	0.9105983	0.94719076	0.957146	0.9488897	0.9226931	0.94598794	0.90488654	0.9393829	0.95072794	0.9128314	0.9599557	0.9169147	0.9432211	0.95761526	0.9626635	0.957146	0.95615953	0.95761526	0.95340204	0.957146	0.95340204
best partition for K = 9:	1	1	1	1	1	1	1	1	1	1	1	1	1	1	1	1	1	1	1	1	2	1	3	4	5	5	6	5	7	8	9	
     PhiCT: 	0.96448827
     PhiST: 	0.9693003
     PhiSC: 	0.135506
     			Final PhiCT value of each repetition: 	0.9429613	0.9624838	0.9622243	0.9553228	0.9622243	0.9622243	0.95721	0.9551755	0.9622243	0.95528376	0.9622243	0.9622243	0.9603288	0.963003	0.9568517	0.9557707	0.9603017	0.9622243	0.9622243	0.9603288	0.9624838	0.9624838	0.953225	0.95663565	0.95721	0.9023052	0.9536046	0.9619648	0.95479655	0.955392	0.95479655	0.96113366	0.9624838	0.95479655	0.96113366	0.96448827	0.95522964	0.963003	0.9622243	0.9624838	0.963003	0.9555002	0.95479655	0.95663565	0.9546684	0.954255	0.9534181	0.9603017	0.9587773	0.9568517	0.9480378	0.9603288	0.95123273	0.9577491	0.9536046	0.95447165	0.95447165	0.9039594	0.95479655	0.9622243	0.963003	0.9551755	0.91740024	0.9624838	0.9603288	0.94766814	0.93983775	0.9536046	0.95447165	0.9603017	0.963003	0.9603288	0.95447165	0.9535504	0.9555002	0.9622243	0.9622243	0.9553228	0.9553228	0.95447165	0.9603017	0.9603288	0.9553228	0.95479655	0.963003	0.9603017	0.95571655	0.9619648	0.95474243	0.9522679	0.95544606	0.9603288	0.95479655	0.9553228	0.9622243	0.9619648	0.9568517	0.8973622	0.9564735	0.9555002
best partition for K = 10:	1	1	1	1	1	1	1	1	1	1	1	1	1	1	1	1	1	1	1	1	2	1	3	4	5	6	7	5	8	9	10	
     PhiCT: 	0.9649533
     PhiST: 	0.969132
     PhiSC: 	0.11923253
     			Final PhiCT value of each repetition: 	0.9539149	0.9589754	0.94742674	0.96272105	0.9552813	0.9522093	0.9539149	0.9613505	0.95734435	0.9538465	0.9549779	0.9539149	0.95482665	0.9154724	0.9606253	0.95660883	0.9456859	0.9602955	0.9591735	0.9624484	0.95776576	0.9543933	0.9623353	0.9522093	0.9552813	0.9538465	0.9606253	0.96256936	0.9602661	0.9612507	0.9600186	0.9538465	0.9552813	0.9613505	0.96226984	0.953222	0.9629936	0.95660883	0.9649533	0.96070147	0.94148487	0.9548889	0.9539149	0.9538465	0.9606253	0.963151	0.9410102	0.96250945	0.9620901	0.95660883	0.9539149	0.9541418	0.96086776	0.9613505	0.9547644	0.9606253	0.9624484	0.9620901	0.9620901	0.9552813	0.9620901	0.96070147	0.9623353	0.9606253	0.95500815	0.9530943	0.95289546	0.95357305	0.9591735	0.9522093	0.95500815	0.94450706	0.9620901	0.96086776	0.9612507	0.9479029	0.9613505	0.9543933	0.9543933	0.9613505	0.94742674	0.9552813	0.96070147	0.9543933	0.94784755	0.9552813	0.9552813	0.9552813	0.9613505	0.9563815	0.9543933	0.9541418	0.9613505	0.9563815	0.9612507	0.95252126	0.9613505	0.96226984	0.9552813	0.95500815
best partition for K = 11:	1	1	1	1	1	1	1	1	1	1	1	1	1	1	1	1	1	1	2	1	3	1	4	5	6	7	8	6	9	10	11	
     PhiCT: 	0.96528083
     PhiST: 	0.96726614
     PhiSC: 	0.05718121
     			Final PhiCT value of each repetition: 	0.9632065	0.9614776	0.961208	0.960676	0.95808905	0.963807	0.9597635	0.96135587	0.96155685	0.9633594	0.9597635	0.960676	0.9632065	0.9609973	0.9601271	0.91004556	0.9631641	0.96212065	0.95269716	0.96137625	0.9562231	0.95408803	0.961208	0.9523825	0.9562231	0.95399123	0.95552564	0.96306366	0.9596114	0.9541121	0.95403355	0.92829067	0.953955	0.9579878	0.9562231	0.9490239	0.963807	0.9421831	0.9610494	0.9562231	0.9632065	0.9632057	0.9633594	0.96276444	0.96145636	0.961208	0.9606578	0.95609105	0.9530117	0.963807	0.96135587	0.9576325	0.96080774	0.9562231	0.95285445	0.9632057	0.9591549	0.96219534	0.9633594	0.95253986	0.96155685	0.96295357	0.9649953	0.93912786	0.9541121	0.963807	0.96145636	0.9160158	0.9541121	0.9628955	0.9576325	0.961208	0.93189394	0.953872	0.96295357	0.96260387	0.95730615	0.9562231	0.96306366	0.9633594	0.963807	0.96212065	0.96135587	0.9618916	0.95998853	0.96528083	0.961208	0.96137375	0.9631641	0.9541121	0.9606	0.9542457	0.9562231	0.95884717	0.96145636	0.963807	0.9411896	0.9633594	0.95552564	0.9619444
best partition for K = 12:	1	2	3	3	3	3	3	1	3	2	3	3	2	3	3	3	3	3	4	1	5	1	6	7	8	8	9	8	10	11	12	
     PhiCT: 	0.96768993
     PhiST: 	0.9568522
     PhiSC: 	-0.33542976
     			Final PhiCT value of each repetition: 	0.9611135	0.963115	0.95587647	0.96546274	0.96573675	0.95518947	0.96546274	0.96273905	0.96768993	0.96546274	0.9642914	0.9626331	0.9555112	0.96768993	0.9365454	0.9649345	0.96060175	0.96115845	0.96546274	0.96327686	0.96273905	0.95575595	0.9609697	0.95736337	0.9650402	0.9512053	0.9656792	0.96546274	0.9656792	0.96159756	0.9596091	0.95587647	0.9654015	0.96768993	0.95707685	0.96273905	0.96136177	0.9656792	0.9656792	0.9642914	0.96546274	0.9654015	0.96273905	0.96450526	0.9622593	0.9642914	0.96122193	0.96336985	0.96273905	0.95473796	0.96122193	0.9654015	0.9636916	0.955615	0.9555112	0.96546274	0.95338464	0.9555112	0.96546274	0.96284753	0.96546274	0.9555112	0.9636068	0.9554364	0.95451486	0.95736337	0.9636068	0.96290165	0.96546274	0.96546274	0.96416545	0.9530179	0.9656792	0.96443415	0.9546947	0.963435	0.9608303	0.96546274	0.9555112	0.9654015	0.954557	0.95575595	0.96546274	0.96122193	0.96598667	0.9656792	0.96284753	0.951568	0.9656792	0.96381587	0.96477383	0.9639207	0.96380585	0.9555112	0.96444744	0.9656792	0.96111214	0.95539427	0.95587647	0.9649345
best partition for K = 13:	1	2	3	3	3	3	3	1	3	2	3	3	4	3	3	3	3	3	5	1	6	1	7	8	9	9	10	9	11	12	13	
     PhiCT: 	0.9699011
     PhiST: 	0.956692
     PhiSC: 	-0.4388575
     			Final PhiCT value of each repetition: 	0.9658806	0.9664029	0.95928025	0.9650574	0.9549632	0.9655801	0.96429753	0.95546985	0.9660473	0.9550483	0.95892495	0.95522314	0.9648299	0.9631487	0.9674906	0.9668749	0.9549632	0.9644508	0.9609031	0.95522314	0.9660473	0.9549632	0.9695231	0.9676707	0.9660473	0.9655801	0.9664029	0.95529234	0.9516171	0.9671656	0.9632959	0.96140707	0.95886064	0.96550596	0.9644508	0.9644508	0.961665	0.96419275	0.9644508	0.9626403	0.95529234	0.96556044	0.9661033	0.96556044	0.9658806	0.9659535	0.96815914	0.96556044	0.95288235	0.9550932	0.9550932	0.95522314	0.9699011	0.9658806	0.95886064	0.9664029	0.96350604	0.95529234	0.96419275	0.9550932	0.9550047	0.9572476	0.95402396	0.9699011	0.9664029	0.9550047	0.9587732	0.9571552	0.96556044	0.96550596	0.9644508	0.95546985	0.9657767	0.96419275	0.96556044	0.9631073	0.9654772	0.9674906	0.96482784	0.9637306	0.9632304	0.9644508	0.9661033	0.95470315	0.9685628	0.95522314	0.9549078	0.96530294	0.9499451	0.9674906	0.95940083	0.96556044	0.9662531	0.95522314	0.9699011	0.9655801	0.9608003	0.96556044	0.9644508	0.95522314
best partition for K = 14:	1	2	3	3	3	3	3	1	3	2	2	2	2	3	3	3	3	3	4	1	5	1	6	7	8	9	10	11	12	13	14	
     PhiCT: 	0.97019863
     PhiST: 	0.95517063
     PhiSC: 	-0.50427353
     			Final PhiCT value of each repetition: 	0.96617705	0.97000855	0.9666292	0.965681	0.9535623	0.9666292	0.96679175	0.95890766	0.96679175	0.97019863	0.97019005	0.96646667	0.9666095	0.9548669	0.9691288	0.95376337	0.95342207	0.9550302	0.96679175	0.9557026	0.9652015	0.9684699	0.96523064	0.96679175	0.954411	0.9684699	0.96771336	0.9657362	0.96679175	0.96646667	0.9547769	0.9672581	0.96617705	0.966324	0.9684699	0.96679175	0.9680003	0.9689892	0.95863336	0.96745586	0.97019005	0.9678983	0.96646667	0.9531949	0.9666292	0.9659656	0.9587705	0.95890766	0.96615577	0.95456296	0.96835893	0.9695724	0.96561706	0.95890766	0.96679175	0.966324	0.9535623	0.95410126	0.9531949	0.95478034	0.9670739	0.9651931	0.96679175	0.9548669	0.96679175	0.9548669	0.9650211	0.9551991	0.95382875	0.9593359	0.96815234	0.96679175	0.9678983	0.9537025	0.96679175	0.9663729	0.9551991	0.9537025	0.95890766	0.95896673	0.9691288	0.96646667	0.9652015	0.9550302	0.96745586	0.9478586	0.9548669	0.97000855	0.966324	0.96663773	0.966324	0.9684699	0.96679175	0.9550188	0.96679175	0.96679175	0.9657362	0.966324	0.9654911	0.9537025
best partition for K = 15:	1	2	3	3	3	3	3	1	3	2	3	3	4	3	3	3	5	3	6	1	7	1	8	9	10	11	12	10	13	14	15	
     PhiCT: 	0.97357327
     PhiST: 	0.9554635
     PhiSC: 	-0.6852792
     			Final PhiCT value of each repetition: 	0.9676574	0.9719329	0.9719329	0.9678495	0.97088313	0.96622366	0.9678858	0.9593912	0.9708758	0.9672704	0.9687629	0.9670975	0.969109	0.9718756	0.97085255	0.969109	0.9674973	0.97141516	0.96620166	0.9675694	0.9667514	0.969109	0.9733014	0.96627784	0.9639841	0.9676574	0.96622366	0.96851146	0.9540689	0.97296536	0.9672704	0.9672049	0.9679276	0.96851146	0.96819866	0.9667519	0.9678495	0.9679276	0.9689359	0.969109	0.9678495	0.96622366	0.95702577	0.969109	0.97357327	0.96622366	0.9683528	0.96784633	0.9676574	0.95842487	0.9676574	0.9676574	0.9673772	0.9689359	0.96629095	0.97194576	0.9676574	0.9678495	0.9696017	0.95745975	0.97296536	0.95526975	0.9679276	0.97049075	0.97253966	0.96622366	0.95206	0.96835506	0.9678495	0.96622366	0.95500946	0.969109	0.9678495	0.96622366	0.966579	0.969109	0.9690052	0.95500946	0.9696017	0.96612024	0.97357327	0.9711241	0.9672704	0.9676574	0.9672704	0.9715878	0.96968997	0.9672704	0.969109	0.9719329	0.9678495	0.9690052	0.97357327	0.9589073	0.97323644	0.97296536	0.96841675	0.9348905	0.9668355	0.9667519
best partition for K = 16:	1	2	3	3	3	4	4	1	3	2	3	3	5	3	3	3	6	3	7	1	8	1	9	10	11	12	13	11	14	15	16	
     PhiCT: 	0.975501
     PhiST: 	0.9536747
     PhiSC: 	-0.8909091
     			Final PhiCT value of each repetition: 	0.9579947	0.9692025	0.9659631	0.9733611	0.9706742	0.9674093	0.9706742	0.969051	0.9684543	0.96759754	0.9674093	0.96958005	0.97477156	0.9703436	0.97298145	0.97029924	0.9674093	0.9733611	0.9703436	0.9692025	0.9674093	0.9675422	0.9674093	0.95375234	0.975501	0.97182024	0.96803385	0.97131336	0.9705045	0.9735658	0.96958005	0.9737852	0.95196193	0.95232075	0.9598682	0.9687385	0.9737852	0.969605	0.9706742	0.95455194	0.9650743	0.9671389	0.974867	0.95043063	0.96782684	0.95816773	0.97182024	0.95258373	0.9706742	0.9680407	0.97015893	0.9674093	0.97103196	0.97458714	0.9692025	0.9680269	0.9674093	0.9703436	0.9705045	0.9692025	0.97029924	0.97477156	0.9674927	0.93113726	0.9733611	0.9674093	0.9735658	0.9692025	0.9594657	0.9668843	0.9679322	0.97031075	0.97477156	0.9687385	0.96882045	0.97477156	0.95455194	0.9703436	0.96649694	0.9659674	0.95375234	0.9705045	0.9705045	0.9733611	0.95380473	0.9692025	0.9655191	0.97406244	0.9706742	0.9705045	0.9687385	0.9687385	0.9703436	0.9535648	0.95889556	0.9534879	0.96854717	0.9748126	0.9685878	0.96811306
best partition for K = 17:	1	2	3	3	3	4	5	1	3	2	3	3	6	3	3	3	7	3	8	1	9	1	10	11	12	13	14	12	15	16	17	
     PhiCT: 	0.9773533
     PhiST: 	0.95359415
     PhiSC: 	-1.0491228
     			Final PhiCT value of each repetition: 	0.97009146	0.95288336	0.9755788	0.97385406	0.9722527	0.95869523	0.97013754	0.9594233	0.9689307	0.9517081	0.95211023	0.9755788	0.967229	0.9710897	0.97404116	0.96700823	0.9738949	0.9766227	0.9715187	0.9688501	0.9584902	0.9689161	0.95184803	0.9722527	0.96944064	0.9673922	0.97406	0.9693317	0.9689161	0.9755788	0.951428	0.97456795	0.9702844	0.9594233	0.95184803	0.9722527	0.96758926	0.9722527	0.97009146	0.956139	0.9739007	0.9686391	0.9693317	0.9686391	0.9755788	0.9689307	0.97396857	0.9765077	0.96944064	0.95298845	0.9722527	0.9773533	0.97345203	0.96944064	0.97571754	0.973788	0.9722527	0.9739007	0.9702844	0.9755788	0.9722527	0.97505337	0.9525947	0.95869523	0.96944064	0.9738949	0.97087675	0.9766227	0.9675052	0.9693317	0.9693317	0.9685106	0.9689307	0.97265494	0.97200716	0.9689307	0.96679795	0.9722527	0.9689307	0.9755788	0.95874596	0.9654012	0.96866274	0.9594233	0.97145736	0.966662	0.96782976	0.9755788	0.96545213	0.9594233	0.97009146	0.97009146	0.97461367	0.97145736	0.9689307	0.96821207	0.97128165	0.97396857	0.95806223	0.9705769
best partition for K = 18:	1	2	3	3	3	4	5	1	3	2	3	3	6	3	3	3	7	3	8	1	9	1	10	11	12	13	14	15	16	17	18	
     PhiCT: 	0.9794918
     PhiST: 	0.9535147
     PhiSC: 	-1.2666667
     			Final PhiCT value of each repetition: 	0.9793765	0.9786027	0.97705823	0.97272843	0.9763346	0.9686561	0.9763346	0.9723065	0.97598124	0.9582386	0.9759098	0.9741353	0.9675568	0.9683791	0.9568033	0.9723065	0.9776552	0.9794918	0.9719816	0.9684838	0.9683496	0.9759098	0.97420716	0.9719807	0.9759098	0.9740824	0.97171724	0.9504293	0.9691884	0.9684838	0.9719816	0.9722803	0.97609335	0.9722803	0.97598124	0.9739132	0.9777483	0.969116	0.9719816	0.97780937	0.9724765	0.9748127	0.9746911	0.97272843	0.9723065	0.97423846	0.9691884	0.9722803	0.9504293	0.9581391	0.97275805	0.9705932	0.97824347	0.96905893	0.9669396	0.9740824	0.97026813	0.9706371	0.9719816	0.9581391	0.9667408	0.9719816	0.9683496	0.9582386	0.9782442	0.9674685	0.96905893	0.96920085	0.97824347	0.96701914	0.97474897	0.96905893	0.97272843	0.9793765	0.9759098	0.9719816	0.9763346	0.97665	0.9722803	0.9712825	0.9763346	0.9502541	0.96882254	0.97275805	0.9793765	0.97272843	0.9759098	0.9793765	0.95730364	0.9719816	0.9509166	0.97467947	0.96905893	0.96905893	0.9751435	0.9719816	0.9723065	0.9684838	0.9501585	0.9793765
best partition for K = 19:	1	2	3	3	3	4	5	1	3	2	3	3	6	3	3	3	7	3	8	9	10	9	11	12	13	14	15	16	17	18	19	
     PhiCT: 	0.9819556
     PhiST: 	0.95298284
     PhiSC: 	-1.6056339
     			Final PhiCT value of each repetition: 	0.97288316	0.97092515	0.97572803	0.97433877	0.97573924	0.97288984	0.9798349	0.9819556	0.96882147	0.97207487	0.9461199	0.9682205	0.9798349	0.9688554	0.9764498	0.97255117	0.9743668	0.97401536	0.9794787	0.9689683	0.9559346	0.9682659	0.9728121	0.97680813	0.98064274	0.9728121	0.9767863	0.97680813	0.9682205	0.97290856	0.9819556	0.9759368	0.9570311	0.96882147	0.9689683	0.9688554	0.9682358	0.9767863	0.9659732	0.96809727	0.9798349	0.9764498	0.97288316	0.9709336	0.9709336	0.97805727	0.98027045	0.9689683	0.9688554	0.97433877	0.9689683	0.9798349	0.97255963	0.9728121	0.9743668	0.98052335	0.9709336	0.98052335	0.97433877	0.97479033	0.9819556	0.9682205	0.9764498	0.9724089	0.98064274	0.9688554	0.97680813	0.9689683	0.97631454	0.9760508	0.9819556	0.98027045	0.97631454	0.9682205	0.9682358	0.9819556	0.9682659	0.96882147	0.9761175	0.9767863	0.9738525	0.97680813	0.98052335	0.98027045	0.9665487	0.97850674	0.9682205	0.97870374	0.9798349	0.9743668	0.9682205	0.97290856	0.9783731	0.9761175	0.9790117	0.9688554	0.9688554	0.9760508	0.97479033	0.9728121
best partition for K = 20:	1	2	3	3	3	4	5	1	3	6	3	2	7	3	3	3	8	4	9	10	11	10	12	13	14	15	16	17	18	19	20	
     PhiCT: 	0.98320657
     PhiST: 	0.95153505
     PhiSC: 	-1.8859416
     			Final PhiCT value of each repetition: 	0.9686294	0.9769994	0.9679986	0.9730846	0.98160106	0.98118967	0.973167	0.9732087	0.95500886	0.97311544	0.98160106	0.9815342	0.9815342	0.97240514	0.98160106	0.975326	0.97438943	0.9809377	0.97707456	0.98160106	0.96796757	0.96796757	0.97519094	0.98160106	0.9756094	0.97904325	0.9679954	0.97475344	0.97240514	0.9679954	0.98005867	0.97629136	0.9686294	0.9768258	0.97700155	0.9831191	0.98320657	0.9746087	0.97642857	0.98005867	0.98160106	0.98276687	0.97311544	0.9679954	0.97254544	0.9746706	0.9685773	0.9677999	0.96796757	0.97276515	0.97700155	0.9767218	0.9679986	0.9792753	0.9751759	0.97240514	0.97707456	0.96844095	0.97519094	0.97276515	0.9719614	0.97254544	0.97707456	0.97619295	0.97700155	0.9816058	0.98110443	0.96714914	0.9818467	0.97254544	0.97311544	0.9768016	0.9818467	0.97519094	0.9723962	0.9674954	0.9730846	0.9733653	0.9773576	0.9831191	0.977525	0.98276687	0.97276515	0.9773576	0.97519094	0.9814498	0.96796757	0.9679986	0.9768258	0.98118967	0.9815342	0.98118967	0.9686294	0.9752993	0.97974026	0.98118967	0.9723962	0.97240514	0.9773576	0.9746706


Monmonier algorithm RESULTS (locus by locus): 
	the different inferred barriers defined groups of populations.
	The corresponding group ID for each population are reported below.

LOCUS 1
Clusters ID	01	02	03	04	05	06	07	08	09	10	11	12	13	14	15	16	17	18	19	20	21	22	23	24	26	27	28	29	30	31	32	
for B = 2:	1	1	1	1	1	1	1	2	1	1	1	1	1	1	1	1	1	1	1	1	1	1	1	1	1	1	1	1	1	3	1	

for B = 3:	1	1	2	1	1	1	1	3	1	1	1	2	1	1	1	1	1	1	1	1	1	1	1	1	1	1	1	1	1	4	1	

for B = 4:	1	2	1	1	3	1	1	4	1	1	3	1	1	3	3	1	1	1	1	1	1	1	1	1	1	1	1	1	1	5	1	

for B = 5:	1	1	2	3	4	1	4	5	1	1	1	1	1	1	1	6	1	1	1	1	1	1	1	1	1	1	1	1	1	7	1	

for B = 6:	1	1	2	1	3	4	1	5	1	6	1	1	6	1	1	1	1	1	1	1	1	1	1	1	1	1	1	1	1	7	1	

for B = 7:	1	2	3	4	5	5	6	7	4	5	1	5	4	5	1	5	4	4	5	4	1	4	4	4	4	4	4	4	4	8	4	

for B = 8:	1	2	3	4	1	5	6	7	5	1	5	5	1	1	1	1	5	5	8	5	5	5	5	5	5	5	5	5	5	9	5	

for B = 9:	1	2	3	4	5	6	7	8	3	9	10	3	2	2	1	1	1	1	1	1	1	1	1	1	1	1	1	1	1	11	1	

for B = 10:	1	2	3	1	4	5	6	7	8	6	1	9	1	6	1	1	1	1	4	1	1	1	1	1	1	1	1	1	1	10	1	

for B = 11:	1	2	3	1	4	5	1	6	7	1	8	9	10	1	10	1	1	5	1	8	8	8	8	5	8	8	8	8	5	11	8	

for B = 12:	1	2	3	4	5	1	6	7	1	8	9	10	11	12	5	5	1	1	5	1	9	1	1	1	1	1	1	1	1	13	1	

for B = 13:	1	2	3	4	1	5	6	7	8	9	10	11	12	9	10	1	5	5	5	5	10	5	5	5	5	5	5	5	5	13	5	

for B = 14:	1	2	3	4	5	6	7	8	4	9	10	11	12	13	14	4	4	4	4	4	4	4	4	4	4	4	4	4	4	15	4	

for B = 15:	1	2	3	1	4	5	6	7	1	8	9	10	11	12	13	12	1	1	12	1	1	1	1	1	1	1	1	1	1	14	1	

for B = 16:	1	2	3	4	5	6	7	8	9	10	11	12	13	14	15	16	16	6	16	1	1	1	9	6	1	1	1	1	9	17	1	

for B = 17:	1	2	3	4	5	6	7	8	9	10	11	12	13	14	15	16	11	9	17	11	11	11	9	9	11	11	11	11	11	18	11	

for B = 18:	1	2	3	4	5	6	7	8	9	10	11	12	13	14	15	16	9	17	5	9	1	9	9	17	9	9	9	9	9	18	9	

for B = 19:	1	2	3	4	5	6	7	8	9	10	11	12	13	14	15	16	17	12	18	19	12	12	12	12	19	19	19	19	12	20	19	

for B = 20:	1	2	3	4	5	6	7	8	9	10	11	12	13	14	15	16	17	18	19	9	11	9	9	6	9	9	9	9	9	20	9	

Users are strongly advised to enter the pairwise distance matrices produced by SPADS in the BARRIER software developped by Manni et al (2004).
In addition to display the Voronoï polygonation used by the algorithm, this software provides a useful graphical representation of the different 
	barriers inferred by a similar Monmonier algorithm.

