01 26.4945857558556 42.4811004987769
02 20.8972219101297 40.665262633518
03 20.3013852499529 40.4874032587738
04 20.3169304492946 42.1584724685084
05 20.548877630434 41.99409817967
06 19.5513080425997 41.0533200300669
07 20.5110427814912 41.0970366284359
08 26.1356344846973 41.246279301839
09 21.7422061992343 38.235746592721
10 22.413845774212 39.6315322744268
11 26.1356344846973 41.246279301839
12 20.7483898626469 38.9611804562483
13 23.5350808313455 40.4181770716946
14 22.2421406159986 41.409934260511
15 22.848257883707 41.7075863992712
16 21.811680098824 42.4326959720955
17 20.9839289839146 43.7097184717298
18 19.9562780238717 43.4205884763465
19 20.5605589109514 43.1183315092053
20 51.9527718257985 47.101730512065
21 36.5151438339509 40.3336463802258
22 47.021145526398 42.5835524863986
23 34.5732208162739 31.0296395946432
24 8.79125689052252 9.7303115321574
26 18.529314 -20.007159
27 30.7582382618073 -28.6663199033236
